6.244164350281092,613.681465857626
0.9369626440899683,518.1762497600832
0.9711236586569725,418.18049370869437
0.9836127193104797,318.1663244314424
0.9741330769377232,218.17057064123074
0.9423969289435721,118.17482494789209
0.888112169366351,18.17909199540037
85.01335463143579,0.9564614432631633
185.01883898983303,0.988897674289009
285.02433472546574,0.9781129183124198
385.0055357265468,0.9269393795578786
408.0589910108056,79.08920338690903
408.02027216433254,179.09124237397157
408.0031477492992,279.0924607108126
407.9991871699926,379.0881853983293
407.9999815919131,479.1031068184754
392.8292105039185,402.40927406142936
325.3109147310089,335.49094442306705
250.1676671893959,282.0445620634513
274.09896980584716,195.15812132718324
244.93146110893528,107.84801146212435
156.36433729500817,98.05112120634782
126.9885978121643,185.5915448012085
145.7727861529119,269.44630779233137
92.59995731474166,332.37464387822166
44.216121986313624,412.59700081966145
22.511398007653344,509.5727748097036
8.0946997309366,607.4942046810324
389.81667133215984,393.94359630488765
400.6864188960493,491.22358839541755
402.5017846967571,586.5758683042178
392.7479004141414,587.9730114113332
391.66125745703124,489.89107615820313
388.6416646576815,397.0076791197982
148.2588579260307,613.6475810473646
134.83881858246158,577.5911334471424
141.85479547555522,500.76404728911604
151.1991511610816,475.0848823972459
164.8417977232993,513.0432628989623
150.61181688047776,588.9816909777323
278.2271878839779,613.7236112620146
271.1992514661484,549.9585519575653
279.6754247378574,597.9178955985958
320.2339705686235,613.7517717990279
323.4374352822232,518.5616388928694
324.0138582481892,565.8751105148514
151.2237482499196,564.2815410622649
156.10953512877262,538.2118444753041
172.19478508526612,600.4195653090438
151.0763194685478,579.1321908102569
136.60952383452502,570.7346973948345
105.94551842818069,595.9342171720734
407.9949280570993,573.5330486435391
399.0942811741619,518.2009867552898
407.9569688967188,531.9073919079401
353.24498632622806,613.7624942488466
358.29509462418383,559.6226689068866
202.20596998028097,613.7831076698393
196.15895229490087,548.205261003813
290.23445137545605,613.6943173067468
297.07172736395677,565.5270727126307
346.1922645021841,579.649702172205
332.42430149870074,588.1048671198204
87.23788821799792,613.6882011829434
84.61640293978881,580.3083635195312
389.2076604367709,613.7276333645045
393.35402184027316,576.8719702397476
303.2654059408415,613.6361731524574
308.333230055602,540.2340910734239
301.0634967214757,534.49875329344
291.79610549720553,600.0493962793715
295.29332902001704,546.6768986268634
280.53490827010006,587.197993517101
260.2401336012825,613.6828953168982
258.56162594698003,577.3927653511796
72.69932617670514,573.1087726153371
64.92961788463326,583.8282479755665
249.16741570569516,602.9003719118605
247.31719452460482,600.2952438716507
389.3333201127291,613.994085074946
396.03170511458416,549.110793265008
85.21785197892332,595.220056869238
89.17195458893991,579.9029633915147
141.2078933590572,613.6032157280403
140.37374611388015,590.0019784580993
303.24102817019616,569.33624245974
304.53224466615677,599.5261983739242
214.27108500223682,613.6327751407107
215.65965931469282,589.9147480316765
53.2283498088985,613.63704596533
219.23124197155013,613.7688431707248
373.7973755479603,612.7475529712573
134.10108415306345,599.6992146011333
173.3741550316874,613.992904591224
53.333018377256245,613.9933279402273
188.54139650164427,597.93084129137
184.23716926061664,611.5355848586224
373.35229379657295,578.6212028154899
370.95716088088193,590.4128922595092
335.4290071582668,613.9903221719454
141.25050368190986,613.9934079366515
6.450024076715942,613.9939242602219
215.7318241214963,599.2844422529656
221.91354652576223,610.3662388622577
55.451714978694326,613.9916329330619
181.78648302076903,600.7647054037549
367.6641814087759,593.7680779825237
227.4383966496144,613.991885619048
353.44223284790263,613.9936767530633
305.55621936276805,599.8044661653832
148.78410215477348,607.3940334848347
91.4245631237108,613.9908823987635
102.2730289748483,605.6675587752153
15.399093296498263,613.9907145696941
264.70709834592594,608.0774931957965
315.8502036760388,608.7019622745129
151.40425509405728,613.993134326579
155.39882507374725,613.9930602321804
324.37333185943925,613.9917368714879
309.19390414486367,612.6842118794599
242.69034464760637,610.7928408399729
114.33310590946792,613.991157404709
290.0275473879368,609.3755236580049
263.84246289523014,611.9276208605058
252.24848168890773,613.9918153230556
367.25030090176483,613.9930916966695
262.2567465927054,607.6129093803037
255.24925894736117,613.9949385495335
235.66134662376533,610.7228688216326
179.25035789658537,613.9948427378096
100.33426190588762,613.9910474996962
97.70589294414373,604.870780242045
144.25002354246402,613.9936493565148
148.75257775242832,607.0087893243079
176.7074912585068,609.1232980346954
202.37325190094276,613.9913683478268
210.7960835190808,612.7523988396358
207.42887489560712,611.6598043741681
361.3661141984382,613.9958170407815
368.33427078470316,613.9926936624937
87.00836824635219,610.3894705175679
392.16526035860744,539.7566269557597
382.80901104137183,464.9361655772923
371.45149131537227,418.8226702964389
370.2256239789388,465.9580306308724
366.61482868985814,466.29829893546975
364.8028305834999,462.58804777428435
357.8758686694255,424.83946621966595
355.8530380233135,478.61683235016056
341.47784135668945,538.6910175844727
339.660877774768,470.28817205017776
344.1025400515653,406.1891128077275
353.3126482340551,356.37702770069427
390.21154512721284,422.0810745558836
393.6472375502358,515.4434632933578
266.713843052663,298.78652069912425
251.85378927406984,361.4079609552374
196.06867573672963,356.8234053510861
255.9832544538574,285.88438519287104
271.1424777537497,328.1828132381967
327.14001201023115,339.2443621376511
351.5384842763766,354.0897333669528
306.4635498661525,339.3912020342484
249.72831519139183,254.68382137850543
233.47128486033344,238.99733961367102
258.88286435546877,195.96265258984374
53.9794093822315,365.3682566786913
81.58973605545043,408.9613051629963
9.034044738465148,599.0923923186668
25.292517194355966,510.90235728747126
13.040250510446638,596.2942022939459
144.04252144834123,263.3085945081214
146.1497345355542,235.82977480884932
242.78694426787,258.25171106986414
217.90861738920964,274.4131305524455
143.7508347764136,263.52460073121233
148.59156767990555,306.73435837940644
105.71867039568764,327.24763956652646
83.3527521319511,376.0689648009693
89.22704056625187,368.2272785820334
35.13277478210061,445.149844752285
46.35032328436756,427.0990891257324
224.79300582158874,93.17602045054335
248.49298220837215,111.04723582553373
250.00446919835665,121.41859828190232
50.2574097635057,393.75166207044185
132.7399316018264,213.80511906565792
151.84537692513746,102.02411622213354
145.96696401298004,307.30333810438015
353.8994036650236,347.67139448822235
353.37445191395665,346.9617462501723
260.2156226269728,213.24032276611908
140.64693873903445,316.9497670693092
131.62033167463255,316.9938312198314
93.34259679176792,343.0660327613525
95.23970277859935,340.72220633086374
241.70050401886218,271.11107596333795
238.9888775931114,272.9755114648012
266.94151236396453,298.6372890390449
257.50057240625,298.28243287500004
169.3445599400612,91.12434514631215
193.62278014302015,87.02597603906798
24.618147270520804,498.1414046487283
132.08131309125193,129.35917692101702
37.19504542751833,461.65948628279654
248.8307893471289,110.75639209699582
250.07544480749712,254.6724696523534
254.32140953383455,236.227824720802
267.7567438461442,150.764210567415
73.53633120408495,342.90465245084613
8.585124497995979,599.0608116213745
131.76627377130563,129.25232486788195
119.64752626642753,187.34810226994097
401.8010260403714,498.25626838155864
402.20071738942823,480.2171743902172
37.31398878647449,456.6931538485324
269.7687994957222,223.25028755154312
146.1446477060163,120.08633326674419
128.15664526958648,182.12139570724517
265.4981796867893,173.01301423551686
130.14130204904797,169.46440231154918
119.3629740035257,187.45095150183306
247.50806619157018,289.3423267044986
242.45784301224222,104.87327130153648
28.810095213866393,478.7235974448965
272.3476602359164,206.2164984149543
389.2378187850241,394.8691732501432
275.3720991709748,192.25537201191162
55.006683107675784,370.6144176026703
253.022428745585,290.20277971029856
132.58505235931807,186.7960141190088
401.94760639709335,472.71418341397765
24.226792640000426,497.97151166779224
272.7684184807399,206.1997030416408
85.72587222881079,338.7145104994664
132.8193561408126,186.59917247364118
160.68255700069244,91.12968038469477
119.53647197923021,190.29132080026565
149.85988652832847,108.61800998495723
270.7761349015814,162.5613575824772
252.6869921694955,281.82619300881703
29.106089637372975,478.6892529502428
86.11689647031588,338.69031110488163
140.87088480992642,317.0892812648128
271.96357048088294,308.64284831408446
126.51119662071231,141.11560595764468
376.8649089469027,368.69888712245614
222.1048473362124,93.30759930924994
143.68062270270164,113.00114389973372
136.65853151865014,121.03576758621647
372.9411877985615,363.6906788521715
146.84033580104054,109.49346904249903
23.41620256503061,498.7594911899413
275.0956523193207,192.40552431995536
251.8207964085617,281.5214546293029
273.0166390437865,310.7549962585039
394.12414676485616,536.6884297392188
399.58642733392907,508.1109550188435
390.54112349365744,412.439407872159
392.7416150864753,418.27777739604176
399.72692961957495,502.2384664860696
401.3964724260451,597.9456358551282
392.99758797982935,520.6645527480349
389.13770444163276,398.1999861722622
402.5284309686889,594.5545564378358
395.99396987504576,571.754219090786
154.2069430193402,440.77876605942856
162.52203494306843,367.2054471116219
164.77926972229383,390.4638317143784
159.81824495391936,402.1487838949813
168.90403969929886,435.42751330841065
151.00157035989525,470.66474697098863
169.80465336185168,517.2599043219531
182.70692446282456,511.69661844365635
170.03669973420563,516.7258799924695
166.33483040771867,516.139719938675
143.60093725086136,513.7473619579263
140.15784321507428,523.3310815340317
149.22626886574406,439.84158061737537
144.30792496669937,453.8752493871334
149.78790796113142,484.0681418196485
169.99283899618723,515.6689901833795
150.76962917076398,514.7405890186066
141.1281807148576,576.7003029212945
141.62851802822723,495.25292621883193
135.84120220995945,586.5802385830411
152.2299957940979,578.9279356665872
150.04223175632524,483.51953867854786
165.00658352426723,512.5661292210181
155.29910923808998,440.6277595360557
137.6731964420185,560.8828992484134
145.99984213054742,560.986532793268
145.95824176994546,486.357016064736
158.99816668182808,492.28419618614936
156.98494016032907,502.3554376931418
145.00079370935478,551.5612995252899
141.34977166992022,577.0316064463367
151.1893539843185,441.8862618959447
142.6319927561881,513.9444889004313
165.3528216066138,493.22146748694473
147.75251803573846,502.3276656338327
147.00233650287169,524.551524452612
144.38293508878678,508.91819218443015
159.09646499374384,501.46195920915517
148.99506962776954,540.3268523065236
165.02853008985633,493.3573177905345
151.71476349800565,497.2825455394951
153.7140750775289,502.2719998572245
152.99371247589548,518.5662987813746
145.99327459890353,536.5575459606463
151.00844659923712,514.5837870977605
165.99754038591212,489.55864017886097
154.00415722216576,501.99447501752024
147.98035335563134,494.4588733747396
161.6892646031047,515.995414844757
146.38694547162228,579.0028382708164
145.31786918314933,583.1458605209478
143.99740351614432,558.5732138265159
141.95054856365806,564.3651428366674
146.01095411215974,567.745574440773
162.70377400712297,491.02469751760145
144.16065876392744,511.9180812334862
152.0091536751709,496.99665147146607
145.2378087851677,527.9456690939904
284.8770792462373,535.2672700550135
294.6300109551084,454.48166966907615
311.53838244840085,445.3513219785356
302.4619861700447,492.38727732028053
260.137652828652,577.6511684058563
259.3124585024047,506.5643867475418
274.0804354461223,522.8196612202717
261.66886047732544,568.5932652514648
290.6676552371304,457.752778317976
274.88445227820824,543.744449218893
288.2010273491211,456.76368204565426
293.6576632550664,535.0468394899062
302.9464441521152,524.495485679078
263.8915730820455,582.3872985639823
263.00326031973,593.0037140290639
269.17461720357124,572.6302510136106
279.79000123357997,543.2823198295807
279.7186731854129,544.7882163958507
271.2835908728414,556.7266710463402
263.0719186224935,608.2166034591974
285.24479648459896,533.9936461960647
265.27825232537333,600.748261322781
284.77516716217167,535.1542012345112
266.98515263832854,568.5694124378672
267.2714279866681,562.7705338533599
269.98219551379066,559.3474580190345
272.4052308771522,549.0288365537143
273.9750928457001,577.3571649516134
279.98242271274074,535.6455668078074
276.40413514528274,607.7266286911469
341.212644806654,534.6332514610514
336.9459835473792,580.7952080558848
333.6060305606957,532.5521148898354
314.6410279647179,570.6657926818389
314.6967758762325,570.2420005037608
333.80585531183914,528.7697126650692
330.4858674389862,516.2906332451255
319.4671114923588,532.01886554503
327.24505369749807,579.6417040734315
309.78544649994905,604.4117713728247
316.06203127779094,600.561142226979
327.4289884012906,577.268894316688
327.0646220082238,577.3726193694268
330.15648733040234,560.8429777599067
318.927073852802,572.8042314653926
330.8832684264974,595.7171391875223
323.6602443636713,583.0015525309958
332.2739132342299,585.010997420079
327.9991941452247,582.2998896065126
317.991528462793,571.9981869656885
316.0541091811671,606.7774671862115
316.04172126566317,603.7579463824802
161.79120049808975,528.7986344883815
172.6871355399791,587.2083030811219
154.73157785559266,572.1903484179243
158.60547267565747,541.0406416364127
161.27829479947246,528.7737499860503
157.64352664546328,532.0833295836175
163.18245248801833,522.8583195657011
171.6814903810213,600.2203232064472
158.2475976960599,552.9881855066013
153.69988499264284,597.4715651579357
156.8057497116251,564.787426605606
156.61792381719314,554.5300587269832
158.53133414885767,605.3843251886273
154.01608015461582,591.2609079059215
164.69094339231827,595.9027723533429
115.34922777337859,586.782848276941
85.5138622965991,542.3510222417026
85.35061895229046,490.77352251551815
92.9719604528122,532.0543727402005
110.25380757087707,572.490121669443
110.2312425537449,573.272521398086
128.10449361902923,576.0571265057472
109.99915156801842,573.4569107224277
102.38986774079551,605.9398962677434
103.25308561058354,593.239496014499
102.92934564144073,593.3717552995839
114.15323863136277,596.9110966169153
117.02846275766653,583.367115445035
115.01558346914332,586.9976530522755
129.3059715774983,574.9485069787072
119.24755643279649,589.0000158253595
114.00003007865328,587.9912665144575
133.4455070767822,574.5265752372131
401.99541160419955,497.667000238957
402.55367300256347,545.4717258012695
403.4707060353394,530.4462283240663
344.814187410713,555.2467226768118
364.1317020636377,544.9495102196706
344.45179374026486,561.211950097168
362.7644796997963,462.30923893165044
371.61457269269033,557.0745975767271
362.6320467861676,600.2258298665342
364.6262571900482,507.1922262493935
366.64731215421904,559.8072044487766
346.223413953532,579.2789295520182
362.0188063378293,599.9525984466147
348.3418914931247,575.9913980743826
362.63197646338404,565.8089268671856
361.7621707721791,588.9024223088242
363.6388783090838,580.0442705789861
359.9800034446644,603.3242391665957
345.27023664312225,597.8919676983872
359.9746422822169,601.0262493214715
357.53063766573393,572.3848215640004
357.0013671899784,603.3635953783454
360.2950039293695,600.9833422164345
345.96388691276843,579.3497124533386
210.19570466272742,611.6036003353613
206.57026108480025,562.6583881524899
195.33314010089174,544.8721653318014
189.14229931446206,519.8067807843103
194.99427322811417,545.4706692427336
188.708739185059,557.2203171792264
207.78482356383,608.7368638858248
195.02869595207173,562.405287028256
188.89658793385735,597.7350194021344
189.18472336852835,585.7863536814323
188.9755628834246,586.4523629032806
202.67645303841485,599.0284018647912
189.24777609215852,576.8298673871055
202.69820899504987,602.0192745950259
203.02494416816413,598.2401192417444
204.9539012529409,602.674053485747
193.4652648603821,574.4388336174317
189.16453715365603,582.9192697119485
189.1660069679451,579.9127565428621
297.67602604291307,553.7896246727123
297.9834176524285,553.6219333048052
288.1488423775365,603.3992398193665
287.7272178677673,600.8788223190776
283.4718454229126,609.4469502004395
348.795285738153,569.7292502917322
347.74184845288084,558.4945530058594
339.6624226155276,589.2042764102374
341.2937815002162,581.8165688025605
329.46175191207885,612.4335641885375
339.6388669410844,588.9758931950098
73.17823307102292,572.627953330987
75.40623562968105,537.6205115488004
75.76532409613229,546.2831285320735
80.23548165940065,569.256577880525
85.78329556651207,600.7395936287263
86.01924124358827,600.5925055004581
84.71815333441707,589.2493046228699
83.72876976945601,580.2347636936016
77.47629766552734,582.4438297290039
387.72303552666267,538.7486435393919
385.6709714098636,569.673377019108
385.975794981767,569.5893440753202
386.20544323986275,564.1854659766121
379.3203108713665,606.0014240670652
381.9816061224029,604.6343525062712
385.6130571500083,563.9135107847158
374.0015888941076,612.594267014913
392.0083461417344,561.3583119039798
376.18945944666314,608.7997254157713
386.1563775289136,567.9759244213973
300.54351655669643,534.0549848482212
312.6707476605639,528.9474379919733
308.8614608480173,543.9193556141238
308.94909199496817,549.6314381694763
303.3843603242997,599.7011325352543
309.20268407523554,549.3943607946957
304.3782767981748,578.2419360104273
305.58061079054363,536.760266945141
305.9801825560386,536.9806607205154
303.015155320111,574.1130692251528
302.9296979235953,571.1972979956339
255.67494310368173,553.8645810184048
252.57498063298473,570.7830296255656
259.93064851088917,578.2813248289356
256.69689136324644,575.2265482119972
252.5464332538725,583.9747333321541
258.28387751952675,595.7255292216668
255.9357475511934,584.3030954233136
250.28301478851353,596.7543419201455
249.07542936540847,608.5599337420902
257.99012909952677,595.9999796106137
248.9596605347289,602.2652470471184
262.7232757185812,593.2556099283607
254.00697663734144,599.9970738022979
255.9974976014819,590.1900329986831
259.9424087115176,583.5665344862238
60.584387975637526,583.8245882482563
70.6692519409438,577.7918162890472
70.97780407656599,577.6211045840104
64.02415123374637,592.3816679105965
60.88703929760147,583.6380830248029
48.8121194171382,594.4407390927553
60.556404345641546,576.9508767602089
53.66665835080061,599.2786875019247
63.03667403809598,578.3191232564996
248.78125787808847,566.7684197235623
226.9988313437953,562.4260423418874
239.49360141113567,581.982960897036
233.76662279752327,592.3569630379462
244.31792928867574,612.0123790675734
240.2582605044972,607.9994046857488
247.724059559356,589.2488226352301
247.96512686797783,584.3817063173686
237.98522138587225,595.7540710922957
246.74918546395944,598.1780424997413
241.23984879779292,607.9837229747848
245.8416279599838,583.0749676542548
237.99759524675366,590.7510558753014
391.02900264862404,558.5905857694398
391.8968511403966,548.7880290511584
391.22511909731674,545.9101703723755
80.22839155642147,550.1695873521581
71.68159149536133,517.1241103195648
96.2022175481995,591.7612099013381
90.65062661447143,561.822654973236
88.19792023628138,551.6126630237509
88.99086100856718,577.3261747148305
83.97877173243107,558.2925054903208
88.95031262378605,598.6989042880239
84.75784788367075,563.7629224112296
92.00178436942677,598.3634493944966
80.1086417473949,550.2796750908668
90.34465040743851,605.0868842663715
85.0012919307809,563.6390160921966
88.01079408296155,571.3847169855542
136.07314307598494,601.4038696303045
140.02026552577644,582.4596244467749
138.0345696118641,604.3938893152938
139.93177375753166,594.7941166476098
304.0766011968383,578.4864985731166
309.778161005807,600.6208220071491
310.00660385090464,600.5359563492403
307.4545270841065,568.4250534361267
223.11892405414028,574.8961921389355
227.9095915670998,524.7956465179507
209.84022294661412,576.1595740360477
207.67333255981816,576.6828220730904
218.74609221373012,549.7580618930169
212.98194780628756,573.5155033569628
209.97629962922684,599.434715221441
211.29318354241903,592.7166344140123
216.80090179435487,571.1327992094494
216.72947974572705,570.9936841183985
21.73536190108633,596.26050049516
21.61008945177528,596.0109583634927
24.239112581189595,609.2718497883889
222.82143161846233,575.4923377475426
218.73687132260804,578.7512771830617
221.28193986227677,602.6207354302959
215.7010948778488,599.002705236615
218.96505566040184,578.7153624059339
217.99883977921343,574.2558010660688
380.33520412696754,601.9578494422716
379.1798259566247,588.6977595005661
375.8013900120633,575.7868146939572
375.27869947768204,600.7536561265601
378.0120640637877,591.4585476456243
374.9923961287461,601.0006347245936
377.727569875245,598.2067386055471
177.20888176105473,573.0596254740542
177.47548185511639,575.2890591364794
176.94577532134144,573.4541486502573
176.2916986357265,584.7738956310327
175.27733724516804,591.804260342853
178.0231946474233,596.448973272833
177.7216376440781,602.1934014336747
175.0283604341947,596.6811720486771
44.64886583622321,589.9186203195549
39.661011552177094,595.7482901243037
49.3776423376373,605.9683014415392
30.994956784944087,606.7500564790748
31.880894047258852,607.7770143666468
188.04637722577007,586.0167850869178
184.3114715393621,611.68822154779
182.93030499712657,582.4444821889251
180.22548573326065,545.1091107161208
186.35687431873248,572.9526456695806
184.29888936915845,585.9211197405062
182.73686860357094,587.260437652985
376.38353287876976,575.7282761504335
378.6626309103777,527.5940409510287
369.337093079073,577.4225147964437
144.02397312016876,597.5307940495127
215.01997481290155,606.6427099960688
232.60706189673655,603.0083654927109
224.7287848490405,578.8333836254506
226.01020401637956,604.3539110575956
222.5365558952942,606.5637289862977
225.55903000131224,609.4680890892639
221.9851956565857,610.0089592369997
363.2437886748242,611.9941494707483
151.5458719767761,602.5798269842528
98.10438296964597,604.7520713822125
98.98101392639872,604.3555011132878
264.0058809848885,611.8022230330049
309.8340587418958,610.3231963166381
310.0455639879514,609.6186398097739
337.2845541591967,400.7138116127271
335.65657156909606,416.88684778894515
325.11403052688013,397.7813681441181
337.83901937513104,493.7220314627997
333.5036881930527,471.54385841865957
337.43500801879304,401.0258100940309
362.80107885220104,469.8255358019958
352.87122836104356,460.4753436686226
361.4136135939272,523.2132694352204
362.2565347713519,459.2445847113398
357.965942,409.92032822238156
361.88625348595036,441.0735557163286
375.78519715364405,470.39078519920173
388.00486355805447,538.6049504039183
387.98777859432954,525.610943123409
387.00221449429404,507.5670024490125
369.26998264061444,492.1983421476367
370.27022666171996,458.9921981914521
342.0158690294751,446.59627265976195
343.26267124842826,426.78741745060614
380.02835255324567,488.56669617380726
336.7870886450508,474.35404379600214
377.18569184029997,499.73071044048294
361.16298480885615,490.6293336253354
376.807827768522,452.2681573976979
366.2684149601782,449.2481458218359
373.0000093515454,442.53725565655805
343.4118125158612,427.0834013353572
369.674428023859,474.0061667267187
369.9429124550855,447.59779430518944
357.0004196297149,477.67083058018096
356.58082630298975,518.9907633424465
374.8774436717971,457.71133307430256
337.9418003190674,514.7795034334212
375.6954487355193,470.301602999834
366.02752200343787,449.4782632890996
363.99952501763596,397.4685540082411
349.0010205604322,535.6206859181916
360.9972372949367,486.5589253057514
367.32274450301105,408.29212657357516
385.99945289158387,396.59213785803655
358.9584910815953,470.37971795138714
354.0086536324138,518.5794296263132
362.01253197557764,459.4577899730648
379.0082074490094,480.5776863760168
354.8417339318736,491.15346300085696
347.9831237171759,423.60863145174295
336.7979144996666,484.27027233351214
377.02507952656805,451.63106344342395
362.9951658997139,389.59952513703223
376.0254757915697,485.4244122397423
378.4953601566506,374.5896692842049
374.00288102463895,428.3805087954918
352.643031226361,526.0492417870203
341.29307059106856,534.7313245814213
356.004211,401.00373040573356
344.03503859647356,545.6550145844028
339.0291575928601,530.582839735132
366.00368746785034,401.83922257404174
365.04456613919564,390.8313428322544
363.00318215616016,390.42211928076074
340.04001637086554,536.6553215671398
385.32154429186477,534.2191305840273
385.07392859438477,534.3472832368897
370.00629932542256,401.99619245381217
375.98779586095964,440.36294404456777
343.896336340517,493.34407599147823
344.99929798095116,508.63673315383795
346.91446451946103,457.93293005539397
367.9197811915552,387.4830085710897
356.99802122679705,385.34206258057475
368.4050108118133,391.71534320255284
345.24916455894476,464.0169666722984
349.2522913425097,464.64677533620454
342.20021784175344,537.9126346473433
344.9917084654045,505.2513314758072
378.0204998270726,460.7583696718779
356.01851807082477,513.3459684622234
387.40619735662074,519.7297676201896
348.4042679935074,460.73096250811005
345.59933394752886,461.28501317740245
344.0055113855286,530.2495734360124
356.9964219791011,384.99046651561116
386.2733381762352,489.40410363524245
343.8017464278722,543.7532819091292
360.60781903642555,381.3189000988584
332.24929497420027,370.82959992008205
342.2316426756234,540.9131753105069
345.55983572650143,455.46838369311524
387.89335035743045,533.7965707153091
357.00705285247807,475.99450810571295
352.5550083424377,510.471649646576
341.55912615252686,496.4669485418091
391.4468266138916,465.52937416366575
390.4719737765808,495.4455200583801
390.4728014718017,492.4464904597473
389.4736126178894,489.44649565353393
342.55630320492554,480.46895187597664
354.76260861312727,491.00733056338686
340.55500966787713,490.46972905432136
344.4400656881103,496.5300474587097
228.49064930818457,524.4616069198856
239.07786108230115,430.12776180011275
249.55204473482092,367.08662931981917
255.09359074577475,377.22574526856
237.51983706704618,469.0187776258316
185.07396361821117,365.3259286726393
213.45393135170386,376.17814655429305
270.9885555756943,327.90335685125024
186.31061546362255,358.1984146851787
185.99866288053352,358.3329767062183
225.73276002358972,381.21773107699477
233.84324751291277,375.07657010069755
221.7646276494328,383.77738525455476
238.70377210255282,378.31890467022316
246.2217301215394,302.2650196930218
230.50561205513088,318.3037746347554
261.6242578994926,325.00704355443025
199.82772518348125,372.22560587124605
253.00403304060066,290.0389498717059
217.66416660824783,331.09163233028227
251.7195331856454,316.1385910213097
214.28447695803374,377.4659478109228
245.97132760956168,371.0757189169948
210.12770724433753,342.65227590694593
247.78137062100657,299.2399605937718
232.70029917269432,377.07038494599044
260.7528428483495,321.1955151841721
232.05769937612246,382.2041592885817
235.29582496907295,345.8432354538974
219.79459661552372,378.22064802669684
257.7023452782974,349.1306293999693
260.7730693541487,342.1734299063501
254.69589988791827,309.16426704602435
247.59624143771265,298.96136997456574
229.79236117383238,386.30581350035027
229.72622918318913,386.0249069765488
269.7215797928509,331.08804367878554
221.39122186636183,366.94927676379467
251.01346661102468,357.4147010060108
240.26988981514418,344.8726376818816
266.6978114044893,339.1858958443917
270.7090974644262,328.161286265195
252.0003066962757,315.9943234921306
267.23598293470815,312.8247978344114
250.73855884468568,362.1552243975405
238.85361574810295,364.84576164509417
258.7360665638286,346.20132943427194
264.3532841005733,346.0535775506474
246.77781278424308,347.1456692603554
239.99920020717346,345.0057265555137
233.2464827088141,349.8276018357482
247.75639855736256,345.168745334322
233.99617880861624,347.9876989736983
236.79125863703774,358.13073621644594
237.2092502479806,357.8748566964937
237.2064126568923,351.86794608454466
233.00446799509348,350.0111384692552
251.59248225384903,311.27228227330403
255.00021189634873,308.9936678409764
248.76004176031827,343.1688935965443
250.9479533369541,341.73386331131167
266.79623280247256,313.1297894765181
225.24894421206616,366.82981993525027
237.75330726234247,367.1560103875461
225.0008951844186,367.00765725691866
235.74107389756108,370.1775938608251
225.99915806558317,364.99241856476533
230.76386304936221,372.00201460910796
228.56943810626223,376.4570628867798
234.77237480080797,373.03677446580883
233.7680234653931,375.02322503076556
229.42666736660766,374.5400962616577
225.99947021647642,380.994938980545
232.0089554140377,383.2477581943674
227.56763516571044,378.4570444633179
236.76662733979748,369.0902111722059
220.4699149437561,369.44119540701297
236.99471621276857,352.00822585015874
238.56275179602048,348.466371277832
242.43524182226562,356.54087797589114
246.44618686462402,361.52813266104124
235.53716795751953,361.57128476931763
241.56660540374753,358.46326756063837
231.43893766058352,353.53359006488034
244.46273411032104,352.4359851765747
243.5381779896545,354.57084200341797
230.43983186468506,355.5345503293762
262.13087515527343,319.9473446882324
219.44280210742184,371.5386519240112
261.00159537278984,320.99120721371224
245.52569317871092,334.55884326269535
222.535534909668,372.56964371966546
256.44452326141356,305.53054486236573
252.47697705908203,307.44591921997073
242.46547202191164,340.4383407347717
249.78296169967942,342.10083278305484
264.99456267026187,342.9829875024328
243.47009867926025,338.4396850763549
244.44208534597777,336.5318355858154
223.46145877163696,370.42912675964357
251.5324112022705,338.5623778937683
261.44653102328493,338.5283284269714
273.7487870204213,365.22847563230556
296.9527509860487,368.3772869311237
270.2367344851954,394.214078032294
311.75269644868854,343.2228631285803
308.35480726071313,352.94440030898875
329.74212545927946,372.1133153022523
323.18855449271723,357.279775076818
321.3479665509318,370.3549356305524
296.0421677856581,336.6342374460692
301.1399456681934,341.6867673805398
308.9635157408179,339.6744285744265
328.86651543199963,351.73417061738013
289.61472021013503,351.12009774763493
291.76209891539133,344.01436270071633
290.8306842860567,343.82417789549237
332.9639647245068,368.717157557692
331.31774926801205,347.1027343935211
333.2084501828423,357.8721550072017
303.7541218235388,342.00127371348833
292.76391502232315,342.1781419750342
330.5333965893249,349.5584343859558
330.5411343954468,362.5735045340576
332.9889381919861,358.0006709742737
331.46365038031007,360.433850506134
330.78475089728886,371.10918922713324
302.0050152681885,337.99170819030763
224.83995909145634,239.69040732805902
234.36130367294305,210.58680415899065
229.82308217469222,215.3922960319149
242.66165200922336,257.94509777306286
234.9284658986636,210.54161385491867
243.18926232269666,201.23909404175186
230.0119173687994,264.56984505231105
243.36889706261732,201.83221735971168
256.10680230987464,224.72139719481527
256.80052973074856,223.30758395482258
226.79214529951435,234.27337342428103
237.34824894300837,236.0360462864341
226.65383043421525,234.82878235308092
258.62643817238967,192.08341250552178
225.6841302703522,234.72168904534612
258.4698249023035,191.87242715179045
81.22982562090111,515.6299047501521
72.33723356244673,457.5732586916938
83.97160699999999,432.691955625
81.4144406621399,514.625870593628
79.00551877286466,406.5729057003272
73.72815208206069,488.6225926438513
71.20089909971303,455.8547737231763
80.00147465055507,392.08201703627657
77.98819262357941,385.57398992034666
82.97679357345409,376.3592047617096
69.16346150893688,367.6924992680196
67.99165527003939,362.7328413252422
85.9629243944582,383.3361826549725
84.751753473142,353.2082299368486
84.3835737849943,410.06091903016045
85.5805652919871,385.04135272131936
85.85029995537633,392.28830287511335
60.848557948436735,361.0939143503609
73.46978157443239,354.44564706762696
24.197091488021925,507.3771062387973
48.09108924423224,517.4625792093723
43.17329190911508,537.8502869472688
29.6557857012315,557.0464215182262
26.808119669151747,537.6991073160503
24.58743766921121,528.7172765728487
39.9557602890933,595.6994313365481
27.052313404495212,566.310557270126
28.03483584704512,570.3590686415326
23.62846853131435,560.0132964914511
25.37748001467347,516.0483800345069
25.470825497039794,584.4476243942565
158.2723740505141,286.2542024247762
160.08885929312635,290.49470234930754
147.30240394649755,239.08755737844132
151.85622048736383,232.69566177546648
159.38760476427268,259.4224590370781
139.3180667548276,200.66443054717217
149.76286634432768,238.88079170818625
152.62156224526467,257.0417439852293
241.84413350953824,270.78891069768116
188.25940857046538,279.2683140274054
219.7665750885384,265.7889985729398
218.56755369590164,261.69641890015686
195.3151663013923,265.1454991057666
210.27077903980847,258.807803739386
192.7073946497888,263.7576896299421
151.74999849469637,320.4694249055164
163.1141960851993,334.9430938423599
164.02309607634123,311.66467006794545
109.76587911362098,356.2354964703879
112.34974153539973,381.6769081643768
132.31947334144826,336.8006114787208
116.6887710055884,337.03135239641273
103.3679708610283,364.0429779778038
92.79461012928817,348.81454283862104
67.80209135625219,499.7651435052514
55.657123322435496,528.2598878387216
41.63510651032519,452.50617001310496
64.99840774670022,480.7786954673405
50.31093017367774,431.72556568732625
57.34352575364795,411.3888627065655
45.55378671542919,427.03416735208594
50.989527901415066,404.6125866994443
39.021899386834626,448.47940079114437
38.68053903368854,459.0029470035682
43.473501943450934,424.4466464189148
169.01201271962853,91.37499781494587
177.06776664129447,99.57196499098015
233.42987158793676,106.21561340757052
223.49362886600875,113.51459556476212
210.3317129373798,101.68239650990793
229.8987029717654,104.87186523961248
212.83549360764042,97.75888709856888
218.77655762128916,108.10591683876736
213.34947114701515,97.99383253784895
208.13357539535713,95.78425262756967
230.2207001461906,98.0989818275032
255.75564795418228,144.2713319123021
261.9274692139508,144.69847912139164
267.9048121041354,150.68959920400974
255.79617642647753,127.79875871738555
261.99323900979897,138.00563690475454
60.70461076358844,375.20691192016386
58.20768811909325,398.16500077951105
60.025479375602565,369.3186453329455
132.26239218663335,205.62777667034788
126.25058800685139,203.8903356377169
166.59735497038986,110.00644886215183
163.62641241014217,98.85150093656814
156.5180122416992,106.5571441225586
151.64397272872907,320.276894603773
144.44454186609246,339.85368114742386
141.77658991317813,328.84604264506635
143.65651470397202,336.83688403194697
266.101154381163,218.22316647618084
261.3728938941143,192.22233974089755
269.90302907966753,195.1154360846641
260.97263238342214,192.32254934670163
272.710859903143,205.95736516392995
136.9903710926188,333.47001927999617
132.81732224077365,321.74729332984344
136.25918174277606,322.76721814500246
103.00341654070971,364.4014483675001
245.28209358328675,299.88188423403733
244.5855625531369,292.47700738886755
257.26764821850924,317.7969615249517
254.44577781289675,322.52945715911864
256.99619934210205,318.0101860881958
190.10619290237594,89.65670342698101
205.74693347970774,86.9879856965742
42.96731639324421,468.24443854815195
31.644991590798487,492.03043572759555
36.977521400867495,468.41385388283624
39.9955974133954,460.3514878688319
33.70784343820888,481.20818881928034
42.61404606965953,469.00442136237814
149.6696750857574,117.09029038889534
269.6671246045275,222.9649661638487
256.7316786805074,223.03884229924125
269.7523409599409,156.1684917055483
75.40578842895125,347.72568079675676
22.01528206662429,593.3447352791294
9.993921384246825,603.0094158793945
130.15569042709004,169.71026524712636
135.79709609455142,138.04827030477736
133.94522441554977,144.24506799330604
134.84276738953398,138.14388901970676
129.82520698451614,147.90469286875916
126.39632211224689,204.14040343029
132.33979897457823,205.71786354756696
137.4216227787966,193.22740022352485
208.98644089939904,171.76757754995936
235.11414893218205,176.7068232682961
179.89841313487435,205.69394938785982
139.47086803765453,192.6758616219839
140.22251632914606,171.5934751891578
265.0019786656204,181.98300344466293
265.37816125898155,188.97685166578898
267.6647913734299,183.41741443650045
171.25690707221978,478.7080095952279
181.06612537334397,388.8738657170462
192.1395674949293,435.95459208897927
155.74085343732943,394.65006476563434
149.35428880019654,378.56479244031266
158.84525684568854,337.26326459162465
166.7451409354916,357.80398791623446
155.43380236720117,440.97174947003185
156.03760756030852,394.56701648768285
188.13256905379555,389.29938348233503
160.29681209881718,380.75674373177804
180.73954015769857,381.19362792629295
147.70249113268287,415.31086882525705
162.03517108762617,374.6023541807152
148.4028703105104,428.4214149030219
164.66212119630796,395.00765886655194
170.731069288436,378.1976040160204
171.22710511241456,388.8770326562836
177.019478795582,382.2761342027771
164.94144886016983,385.7529799080712
164.3664765394299,374.145396277047
165.06108110229763,381.70967996305666
162.99712039382314,384.76565493620586
182.0116669678069,361.2622304699455
158.70131084353628,408.28928323825176
155.73819869873003,431.1919791820753
162.79840174007632,394.7726283624408
160.91877546109032,406.82381920884035
157.74032539892355,417.18134684783337
175.26624075912503,374.77050449102904
153.05774811966947,428.389508114575
187.65341443848092,376.0440894794045
179.64863874477518,374.99878397443973
173.2521609748354,370.7872400938786
156.72269438532157,425.77618047620206
154.91817289078685,420.46439864530186
151.10454138709125,420.6539679041218
155.28735484307234,413.95139535469906
172.9951091977762,371.00116518305697
166.77883638537932,392.10642278265715
156.9708672438817,425.65493760194596
159.36769785928536,392.89021684197087
160.40559696191787,389.7171372207871
181.2387046486702,366.00551906130977
171.99251613892815,374.0277062739978
165.3569301020608,371.27048909559204
149.24276780533597,439.93522705917974
149.98981791242457,437.7762261269484
174.98844738458254,374.999142844574
164.33597395991612,364.97450871831705
168.91197717568124,473.7221948372382
156.9134317727728,483.5722867202778
163.44177553125002,445.94697033642575
170.43578279232327,441.03242841153724
178.2720390019975,406.7152991549345
171.69124825389852,399.3009242153367
156.02153590942524,450.4959102334442
155.95479780845366,480.2548709293055
169.80286846577408,416.18226539432476
163.93974808919376,418.3051073235826
161.26457111679886,422.78168671905854
154.0234496035177,468.4843669071041
162.78026019665492,450.0830555314459
160.26097185314387,430.78876153923585
168.72062075992676,430.25242800675346
166.00384386353875,430.6465037400831
158.01572527368992,445.708859067272
163.02931035597948,444.5004705953043
160.01070036140484,450.6196195643476
169.00535974468994,424.41107571323874
159.16644967862067,436.11031444933155
161.07464045282083,437.6199990040837
167.723265302355,436.2469535156935
162.9463487348913,433.37117850547156
157.9523921572834,441.24684316174995
163.06535195547343,426.3946780571229
160.26311360726166,445.7969260728802
155.67681385917962,481.0232448881792
166.99940765852543,391.9895699249209
167.1409888410605,395.12234069424903
165.990818371264,437.67951429984043
171.0203667284487,389.02807872318607
173.7640413712077,392.1605335859299
169.596984881485,393.2785756470528
159.99786779123974,447.6747549205709
166.2489738017273,398.00475580094525
171.4023020513366,478.99612481530664
159.33972599879223,487.0169795704849
175.00184933927198,479.4168282164445
183.29349563098322,519.6776961718615
182.20177960194786,496.2192996000476
181.9745258164792,496.41260251885325
183.23916214253626,492.69451590418987
181.66759571613846,486.8259334595853
181.9799802285193,487.0584824532182
180.99176330912067,489.3019948928614
176.52863590371703,499.55518713540647
175.7179938380967,560.6880648340675
171.98512420252524,546.5762028602327
178.6951738592624,526.2922998917876
176.08678207697398,526.5453014861912
166.00276511135098,530.770092556835
140.6220297914784,534.6518868208827
129.8196544367472,549.1730941664898
140.88013053301978,534.5004246474175
144.76183540384255,459.72042662079946
130.08767508169984,454.8344215450497
125.74394600315442,497.2424149005575
123.7953541160283,506.3681466903896
147.25136089271248,429.09011731151435
143.7379278172389,441.81386485140416
141.7878997205318,494.74921252734475
149.08124346646122,487.904171680336
161.31278020560978,528.9613546861119
150.99941614652107,525.9991055268096
138.63205582951795,601.0295786850844
140.32016780891723,509.7077066683741
154.69902897994874,571.7776393532803
290.9974825584854,457.6606332183422
298.5028305713915,424.18211967372724
303.01663942077903,430.0214641505278
309.44143291564035,404.9331422645153
317.84992963572614,429.2191355137089
291.3949591477822,452.0115989560021
313.86808240935494,441.1015436535216
309.4094131940543,447.2383753164464
317.7965504661138,429.032797716385
305.51500186933487,471.25150915390617
305.6447441168809,472.8022631121006
296.99250806643494,468.6175841391124
299.34204470972514,436.99989618742524
311.0824899284146,436.2122737752116
305.0240264988515,478.3418160166483
289.79567788868525,501.3506410947058
290.9951963357959,514.837177082819
292.9415005006005,482.16072113935934
304.1914827897762,485.3060560160978
310.14547236622,469.661974087441
303.36844234367885,430.0087546894484
301.0378554746655,437.3880582824789
300.0057486101919,462.32872217713947
305.9747585266582,472.66604178585163
293.8690500731163,496.7269031083847
304.23450271170384,480.0522858654283
293.2486601257973,533.990774478567
306.0046428530888,426.68269137982315
307.9993317612925,436.27551361450384
309.3649100020733,436.9950338180662
300.35746523520805,468.2431666423765
302.405967342495,473.73376066761404
305.2163220211344,429.9943222749543
298.9976888744108,491.9955309556057
299.4471303850098,474.5285581624756
292.55378197552494,476.47142881048586
300.0896982932625,464.1557986985245
298.4727171451721,486.4465049663697
287.15838565932853,502.9111338785286
295.44620112625125,483.5276745730591
298.9849625142327,439.7433533242035
268.22217400693677,491.76510107212994
249.4255907998023,489.10296761388014
240.69585861865235,484.10816728784175
251.20168392664152,427.4683509530802
280.17642991943313,387.21726147188093
270.3693292207566,483.9576326051396
249.80004045432165,489.76544628584065
255.052474118495,532.9539109111686
245.3281565146484,527.9813022033692
284.25398846379403,427.70417031706717
272.9267069907317,476.22113266787596
287.85231462481687,377.74828411077885
272.61296109135407,489.79685647723284
270.1066054361379,495.1209360597988
254.70571377406546,533.2023148446291
274.9721479311952,500.4326043698681
263.70339595876885,529.2615249219591
255.55675999092864,551.7723280065425
276.3105040903311,547.9600627692693
269.0128043479508,552.611050526969
261.9101329468966,506.3860460747099
273.9913108082357,542.5630893115418
266.71583415425846,534.7387657916369
264.0077561919337,545.4252908558727
256.0686143149203,578.6248666529559
264.2315341731909,493.9130248734189
267.6372828097354,575.7727820540874
273.75328625172193,523.7069361262458
257.28622479602393,523.7485902974504
261.2798826483052,518.7365489377987
260.9920397099387,519.002743110738
265.26062166914755,521.820911049869
258.2781966506919,516.7480269462487
259.94441879348096,560.6029070977228
270.72037652254295,535.1338776285883
264.00686883617385,528.9988583244937
272.71385138285416,528.7505139498624
266.31188510437204,575.6101621209162
272.2487539655506,533.6524380107088
259.25975629800746,508.8530242661664
272.77011210927486,543.1410281852327
267.06291479352655,527.5616662627702
266.9865735665689,534.651238711552
268.2599696232055,523.1340792939868
268.1016400458336,523.1626526699752
268.92209641164396,518.8278441435776
272.128856448748,534.2230095363857
278.2677168940338,478.74492584098857
283.4101057454215,458.0009108676772
280.0466285451364,489.03535941935644
278.989515922937,498.56775272194176
277.37163335349595,510.92338416769354
277.27257535599847,518.7438883605128
276.2814177132543,524.7336064687203
283.98535998937683,461.21120764911905
275.26318658825386,529.8155917493671
281.94671040424095,516.6047403404052
303.10287855651313,493.23158351246076
302.726448469614,500.2777085243953
300.86849260232486,527.2534384897094
301.6845307147487,508.15585469891647
294.0025692705841,535.0016780412063
295.55410758795165,529.4720711169433
296.4445699284668,526.5239194509278
266.40667763530536,575.9753789030684
265.1158939246508,580.3872908303242
339.07330678429366,578.5050973883428
329.32394608892326,510.32565457109524
333.44452937484834,503.2955392882013
334.9987491631877,504.2508224406224
332.1042593077006,518.3659777520365
332.81394582158185,574.6448302393251
343.7102991859131,558.9848314549704
329.9543362394456,561.4137076155915
335.0171272039222,535.6048792603876
335.01976121362117,564.3847257962888
341.0375347525819,554.3681462559243
340.97902415628886,547.2052707570675
340.5649724065857,543.4682431196289
306.46483834011985,536.6027825188389
311.1774217653288,538.5777651152148
331.0145378271665,532.635001430959
332.71144153330516,542.0056188136782
332.64273146311376,537.765690878991
316.93087395044546,519.5989823541748
324.7954138871299,503.3191618219
320.4038310586591,512.0022764855954
324.71778361208635,503.0264557609892
319.2182916510298,514.8418964301392
326.05095153578566,505.16742321902467
325.7948583947432,569.1322412469536
312.4471486938172,594.5281625834656
312.439827926239,606.5318708590088
312.4687070794983,603.4424078624268
328.9142398736447,570.6112431919939
328.8030297838371,579.3217069136019
328.7429970456199,579.223545465767
174.06571706074897,575.6243211616865
162.306980835921,539.0750480054618
169.4070249082489,569.7297240885123
169.59762495152285,567.2732690404624
165.53000578143312,569.5619508833618
162.56642784823612,569.4634167498779
162.5356626668396,566.5596318633727
165.46426894088745,566.4434240049743
166.47958420166012,589.4505819926758
156.71326399484684,535.052005669318
111.75400269428043,396.2898471512362
125.5258118253929,440.1051000916729
116.47079500951892,494.5806354349973
97.16121747569184,468.959971619292
111.67431246706633,395.9575315197588
95.15453923897785,465.4024082747452
93.84666228077639,420.8288025697956
98.73228473525899,512.2087582197829
94.60329314927387,518.0335794034692
100.67182512168667,560.9889323707193
91.02036140973749,481.4508472221234
91.13506952105857,499.9272175506339
90.2856614222619,501.2553743635315
100.64930606112159,535.9963576327712
87.60144902300131,478.9706559177274
81.30317029065269,516.1892794061785
88.24360543409378,552.1280468952451
86.42507634865963,534.876699360534
98.72592845571373,511.8879681075824
82.8084203904865,507.90455386160045
88.6793831557107,506.28344202655217
94.97992353219288,584.6576414935317
96.6080491812166,512.0036112587467
89.00005976498223,548.579911406537
96.6380323183669,509.0131823508579
95.63804259219549,515.0093720723232
96.01494046992804,592.3055451175827
96.87515704946517,558.7289815001889
83.27152259543043,532.0086902419785
87.65645583609248,549.0144643016663
86.17922576492691,537.8935587439574
114.22689384700774,587.8662850473274
122.00150268100774,564.6840180438496
123.88342164172505,552.4492286946387
115.22393871495068,543.5790648992846
103.05460557830405,549.3380980300649
122.1947261458076,565.1455670570474
110.09818279027581,561.2227779889528
132.66083458972898,554.8292756275239
132.59665766554795,558.802710419491
111.00417341428913,562.3860584077804
100.98673819539253,597.6644681667248
107.0607001267395,582.1406971243896
106.99140995272063,581.9957444394951
97.22524089792607,600.6628896326486
97.27858022007322,600.7613900109367
360.9460031925751,491.42628235249117
366.99227718429324,529.5528666795631
364.01438647907145,538.3304266144813
362.8866887371825,561.4817449514774
362.94557771411695,566.0049185870969
363.2254426451204,565.8847722499348
362.6136544555332,523.0030201822339
351.01265731821707,539.4592708487565
369.7131346946819,492.488349775171
369.9830348635331,497.6941377936867
372.95754853561505,542.4297988220931
369.66805875354595,492.029723131743
369.2070085864643,495.06231763515746
366.2844842412255,559.9407839298501
370.01665100873566,543.4230096283709
364.96455431935453,587.7497911542912
201.4268401621533,560.9405392561314
212.51358534713182,462.71442914396107
208.67729894827934,526.6969425490635
210.26465839990655,554.9630946219471
210.97850482590306,555.3810112383775
209.72027783644577,562.2737327220688
209.1890305513369,566.5494722471853
209.07670436514212,567.1911765412594
209.9961678374537,562.7235595147265
207.99485497525143,608.6010738703133
206.13744977642335,573.8248364782977
209.78124853740692,576.1089417618524
207.85407148101297,495.6618981370982
194.43744862718344,504.5879996499138
200.99963179927218,462.2555608714187
200.93567631418986,511.7734673519206
191.32518733432542,500.77535913152315
194.95787151129147,480.90933578770824
186.7015797330176,535.3417449445215
189.28298716326307,523.7491121820879
190.02657334242772,544.6203176684041
188.96157904187152,532.5579894191503
186.00608512329728,558.009632428921
199.72699209048236,557.0418201460694
197.99904552332646,557.0028241116668
197.7589356073121,561.9930860792632
198.03283696032713,558.9836586261597
187.25764144215043,585.968245821773
185.72841939106704,558.2645810689992
188.30904870371032,565.7028628812548
197.64395628031824,565.7384060278837
63.18444542330433,545.1595914294433
67.02031768102592,552.2865862841594
62.97270386391275,557.6231164797858
75.67762660141396,546.0183219118028
66.10972859567947,548.1096530117823
71.13225486487578,572.936720163124
80.00266246771744,569.3430951759259
79.99675677834797,571.2355424770469
378.8586500461842,534.3999434327407
381.2372114842278,551.1001868132313
382.34657295681205,541.93935302734
378.11937947725573,570.390503380252
378.2317513006651,580.3729411558415
380.894839730005,573.8609690243627
380.19979334528443,570.9301177874961
380.03515405092236,576.1269115436438
380.97854791718294,568.6236892409626
381.37401191505364,563.982870062494
311.861132398731,517.9682897270376
304.3761358637794,517.3473898405399
310.0053619527387,561.64689422692
245.24462257331754,566.2602461962841
252.85372007596052,570.6875416838094
36.44756358870956,581.0614194225525
59.674870505124424,563.8221568356853
49.075782022551095,570.3238092641894
44.14317514521649,567.6473104108915
37.780477970391146,581.2732276191625
44.98871626190615,589.6022014001858
39.357148121872285,577.9921756752019
47.04482725055192,563.2987486886879
47.00117782735606,560.2645162827562
64.13845659517537,576.2153854539879
66.00353934581376,576.0080299057084
49.00991284001379,559.3171472478433
59.96663094534093,562.6249815673552
62.74858554067537,569.2300394803963
59.023442733519666,556.6890350897118
240.71627023823305,532.8501459500415
228.61834543337832,541.8344300092247
233.9991550204493,591.6305368420901
232.78315160833858,585.0482698772533
229.25834806048,551.7924511651024
239.6723955417559,579.0256443126387
228.99782717362368,558.6143461664674
226.25964240082266,575.8270065737765
227.9997682889019,563.7823657895032
229.28249622527312,572.4065587459258
230.40764199779127,566.7315957339476
226.34152611242342,569.9472725153521
234.64571899473907,578.743644776146
225.36570700279808,578.9725030931987
228.00186391566825,566.8308048874387
232.56275847906497,573.4649025250245
244.24561116490887,579.6446800509397
247.01024197197344,570.0032014765243
246.52667530395507,580.5462073129883
238.95867816302348,606.6595590656502
72.7396052700626,514.272735608523
72.66390195033246,514.0046359965792
82.00081689881628,532.4475374635712
74.47403646685605,522.075967694317
92.27898031849446,575.8832043451746
230.0063642529497,388.3284238504973
231.50098716605424,452.08604401521154
229.91563017187497,459.3264655156251
216.77561335824709,516.9238034688753
221.20159267521072,431.4407971047725
235.10697275155968,529.7404584479275
237.92719579820204,501.5016321523542
222.80462675356148,511.19937391177706
222.6913064233587,543.7529957463724
221.7042740604096,519.2313850010859
225.70905349614,551.25859463618
226.68997296234647,541.1809601475071
213.26843621485736,555.9694918553982
228.69545567763043,524.8342337515011
218.99512983664178,549.571735978314
224.2367168517579,526.8687364279625
222.94640802375318,543.6061561656766
216.0471316680243,530.5202363372563
223.08653464862024,534.1334796365111
227.02289829896696,534.4801122692104
218.99887452267552,537.3480924648624
379.0830483906304,533.5547575380368
377.99878659531305,580.4298654871004
179.3999053197239,563.0380285580015
175.24921010530755,564.9762437792128
46.61940152897478,596.0960403428882
191.05104146245,481.8283758625641
188.51003823852537,474.6578041452637
179.31362753189208,544.2701252059186
186.73749983442457,534.862378483706
186.57854535510063,567.1106976371913
183.0229725820096,514.4895450685568
175.89227258351517,560.7058907459541
374.0828887121892,536.5225020473705
377.97743957697406,517.5317229054826
225.01636721777157,592.8632827880231
225.2603504901216,586.7462252044115
224.6083018737196,598.5226885261379
313.01279793869213,424.666878407063
316.40395297187445,393.96495980145596
334.8156759601533,405.2862389137969
321.292269270135,394.0410100502064
332.23600228137656,407.79077254167765
334.75996501028754,432.2211762648497
335.00601601189794,404.6972013450427
330.9788150912098,478.5403627774589
333.123871,469.44410065951513
336.93467860868924,456.7006435549339
336.99437913325943,483.58443734282463
338.19348725701957,514.8886682231627
336.4040117590485,454.223695704824
336.17150211256256,454.2976421384795
331.1314127651365,483.5604637575246
335.0070207610591,487.6629277692629
338.0301414168712,452.64666715366434
335.53798450552364,471.56058396093755
327.3843722286915,393.94483418762474
329.23631216762163,376.8259181952013
327.2382876435328,379.8278683260746
328.2095628554058,377.8898799597445
359.3232961271324,453.87115391964556
358.1647076788431,459.75651803991866
358.08643077516507,460.2480194182916
357.98450020348406,457.00255371376323
360.71458360670147,517.0509489157946
377.1975021179295,499.93054398864837
377.0778771386663,465.4788938415995
376.1641747217956,458.24576513983726
375.22656868808747,467.89887462210845
380.9733669769741,534.0042618540464
381.89847082082366,536.7790765246239
381.08848939925383,526.1679000452384
383.2513655338478,511.0060264846878
383.99553527358245,514.9958130669212
381.87751790706534,522.812317338544
373.01533568867615,499.55358011894543
338.95203532375336,446.5665723375168
337.71210890349795,438.99230308419396
335.9946722197801,437.6659023280094
378.3295136873819,498.932741621971
273.71600391764116,364.8062674990764
252.99659752483328,398.5084144425017
265.0068296306371,343.4448929324782
250.7376215454666,413.2103352536082
266.0105267196375,409.18317985646496
243.796034266934,432.09970493077805
242.6575054744015,433.84126227081015
246.58231147624338,377.53199898980995
241.4111941691732,405.5918396256605
237.22857930283368,486.6434461538894
231.825004174692,504.30081387958916
240.2705957528479,467.80478951057495
226.28084631310475,510.7424071870006
247.25051865093408,393.2429065995697
232.28499733255111,469.7706862650986
232.03496383972953,503.643359131143
253.2408497145754,364.17941106275356
229.73140196350434,516.0879575654819
252.71218710658522,390.744876865936
246.72156162897076,419.1150268561458
236.27182450355298,444.77101198630476
238.73782292073685,460.81984385414916
246.8576520166731,393.34268917507984
252.72161257401845,364.2458165422568
230.7284638654626,508.1253919804219
225.28793890014958,518.766620288607
231.2860365821222,476.7532860962746
235.72648664323128,475.14507900423956
245.28831261337234,405.71646444114583
240.72227482420325,442.24254226921596
234.28961261620407,456.73030628891075
239.9397813447423,454.50373371045157
230.28464754453785,482.7667527079578
244.27119093486945,410.79365367362453
250.0149444084998,400.2116362398218
251.73614471045158,392.16553082942863
253.72836793862683,380.1235696312967
241.72373019423725,437.22495281474545
241.28251183449893,424.7690180708984
236.73302648742524,468.1902653004062
254.72536902160178,375.2183154742091
259.74131084335465,368.9898656509927
237.74689797312814,434.3476610743711
242.7223367707843,433.21201329170543
252.72295944770775,405.21323796976924
239.27701215859832,432.79734365101
244.02495370343482,431.6356479475154
251.72188092589906,409.2331417955219
248.72111507458388,410.0351425765373
240.2801479991126,428.7896731880765
255.75006620774158,372.1526555212529
252.98254753616095,390.6264089079905
261.7310433177567,351.1357055815842
260.73504307454664,366.16015298826613
242.25217245855998,419.829578464372
243.18615340579933,414.8351194692352
252.98141073974801,387.63838057509366
248.0192200893936,416.72869760844327
262.73809974509663,348.17073556688024
263.74519849452264,346.16121258393144
249.35803258263158,405.2587851756777
238.99018493983078,460.7613389014316
225.97514327247762,511.7580402851801
243.97674837500097,427.2315805570402
235.97725412633895,445.707159971363
193.89649897040115,421.26453914195486
191.50563176070304,436.93293829055824
201.30072746348318,390.7524063068814
199.4673326178848,373.075815983759
204.114855555354,394.3522983458207
208.15990072829624,394.2651094580445
211.05504073355672,389.8668171918007
205.14163296131142,387.78631086400384
208.99995492230192,386.0079475279319
191.0989289819392,384.69892869232905
274.9347214627588,340.66217347327665
212.03414253010936,337.6954462335902
195.60821526065698,345.77172480517595
210.33698795965825,443.7806419016687
216.35774752300546,410.1258442045903
222.761161110432,391.3169715339369
217.71396500022252,411.8337647733878
222.65192872594403,391.0532831792123
212.00597232116002,433.053872695083
200.26347703515043,441.6890456282564
209.28583325182774,406.7758280550394
216.79353441813046,443.3595914836358
222.14376086035685,433.5843540208822
209.73361267334545,395.3552195945168
207.7878212439725,407.3432641749465
214.4349306018498,395.07093528266415
219.36001177166114,389.99930135364514
209.69435867430377,394.92147921992074
210.26009891996696,403.1633845473211
223.5280106932068,388.5565238668823
210.01152661833524,403.2494438635802
216.3293862802724,383.11657046046355
237.72559403165613,434.01174894977186
243.48676832887364,376.93143692706576
240.9790664595275,383.922376469127
232.56165239390896,282.96794759412137
220.28454638240518,295.97670162511434
219.66335354429745,296.04235753198225
182.103848953125,317.03624566601565
248.52773513208007,320.5564448363342
211.83474768462153,389.11648375422135
234.88814069645488,380.3006584552131
275.2826009919479,398.1696304501156
299.1443171638427,370.36891130891513
277.33321293265084,398.9663712982327
278.64074452488654,384.02438159582647
284.13678465700065,365.1560949343296
285.98540888520523,372.59288625380367
292.24789120877307,360.782088085207
296.71469186668827,352.24624567031276
295.7214796092819,344.22074735980937
269.3855905604591,372.6545877865375
302.7122514723779,344.251307079384
297.0018417075751,351.99390272281556
300.7358153943413,354.1938967276923
255.9900272044847,391.6046743860488
287.27914178632534,360.97146075995636
301.7381945946522,350.19454742203203
259.245093658997,404.83952960166886
271.5279963833008,376.5538947478332
269.4693908500976,385.4435458479919
267.4468033809814,381.5277640187378
295.99019846972794,343.97616329387
299.8253212759166,368.2405263626456
301.4684074938626,397.7146337292509
297.9634497725763,370.9013936158462
308.9948351580206,386.3917427937383
314.7163714771205,391.58100421810326
300.75231988591827,361.98721678346686
307.99365118833543,352.9939205147934
327.9932934442444,373.00612183514403
318.2616591918125,378.8956929905743
321.2143094987755,370.92193449071885
222.04749452343816,233.65518481041366
202.17756440213526,248.61589857903323
191.04660441482804,243.53373563213236
212.00303980609038,247.4902668856252
205.87061068886598,228.70720489271042
199.23013411641114,225.40599455997005
217.40068728434514,242.9726210822897
193.60229400743466,227.7091558054444
208.61313821655273,245.98932891468638
204.93294440114613,245.59271453625593
200.66197736277053,243.99669130249933
194.99539495207722,243.5931852874826
226.75097771235812,213.91485239751296
222.3462257434337,234.02161266590792
223.9544897886994,227.7817795861734
225.95533271987716,232.6710463804228
243.37978559987627,186.83505403418226
227.88060263143177,207.70309549638085
218.97423179111124,223.02134868148124
198.6154375962976,193.22482293985414
200.7765569663825,203.29913989485553
201.50737483532544,196.00188876440373
219.5887697739465,213.9501224640148
205.99616488581415,200.7747586100939
213.28375791814744,250.80575073175365
256.64277929501753,179.80617259796915
95.05380236463341,414.66413737659786
83.70856673753346,428.251060239531
88.2637057759104,478.8018899416601
89.22326669113414,470.17411835666496
77.00106868221428,441.41620937787445
79.8341824159997,511.2653289812711
77.7290669336286,513.0412705580762
87.40537850912476,459.72928596200944
77.47016053332518,474.44554083352665
79.1583676739235,516.9151803815613
78.44523240649414,419.5245901213379
55.69719205412074,417.41302241042166
68.09317572973006,442.40895361453767
66.67854923373348,498.41051512772424
53.73105031734449,443.4854326999112
67.11169447045661,440.617635584101
64.24287537384649,413.44661692716096
71.99298864211428,410.6808906559073
66.99686289186215,441.3347413371279
72.24056576659801,472.1636804425134
74.28545903270447,437.94885602836297
67.22978389627164,479.8855948299098
75.88507024097608,429.71212256515133
76.99580819004943,424.99672268249486
68.22066151796675,478.86030558519604
69.24940326094818,473.0068537205047
72.0023497880168,472.24983418721433
76.3457560596736,377.19938321999257
68.80408075812913,370.190345368835
69.0022675072343,373.0123964294103
95.98384793357623,387.58926948186905
97.95647098413163,359.32938402744145
98.95123988227802,368.36381055311267
96.76628877031946,361.18401603908114
93.59360603767396,372.2781378013497
95.98967266552735,364.0014852019654
68.98813906196592,372.61732883763983
66.22495084014177,366.88969420088773
63.25034942926169,372.83074537202407
65.24830335883618,368.8320627697325
64.21824197342349,369.9015041717806
90.4759793022461,379.4473375461426
88.87544048699263,387.32508888076535
88.58091925690896,393.1953811993689
57.99866644958795,536.5679274054967
56.78147668121201,513.1783739397945
25.004348512131386,516.409764869421
45.638075927698615,531.9678832611618
39.19672390490629,525.1648074759298
40.075480874030475,472.3376311042439
46.215954689798075,500.61430426667386
46.37418805379689,501.0302641932208
34.86303816962463,575.7846066075301
33.67943508168458,489.95312166311595
33.36394200864982,570.8921938715548
27.529904442260744,507.5567902181702
28.113052606235502,540.8836105202864
45.439473065704355,544.5339467681883
37.705491221879846,580.9487228743303
166.20979308753346,300.2355934679013
175.79871852695433,293.9288011928701
185.178690542436,284.7239838898167
179.96932901847066,275.89812594899234
161.15481492387622,239.68005772282774
162.9347928454523,235.64492403541573
162.22763087624642,222.21598825271965
151.21847459592104,228.80621542540138
165.19653759197635,212.56031073107246
152.17747683875123,210.28752701419444
137.0887560172341,193.38653595466073
152.25764792186754,210.705607375485
185.0036201038528,285.3725618002032
188.5185630125742,278.0526489591846
164.07369596605756,248.9011703971386
161.24740354162873,239.97493551501265
162.0359092530179,240.2898244460623
131.6071849260119,212.00030565917663
189.30417017717744,289.1164063382828
191.94975436016733,291.5539529766526
187.98624151958228,275.76526458824014
194.96532526544541,265.3667141776845
185.15588979191378,270.74214887227527
184.52595696054823,247.070519165832
188.65413786547828,256.84082101935377
201.9082964797148,248.78941077161056
196.29037132903161,259.9026935062179
190.9989554669495,275.00274352227785
166.8042816684526,306.219678346296
180.20730059644274,351.72575743202475
175.17091124294777,334.73834737563453
163.20035256889878,348.70394248448844
152.22608898006686,331.60546177640606
166.8094225569217,305.82025862470346
166.10070093919344,313.21871119554936
169.74934986911893,339.2145203283718
169.68438467332345,334.03483895920976
167.75710316403374,320.95731612243725
166.41883718670445,303.9877984172757
128.6748092949113,356.08381798283875
115.10090275251879,388.8393436522026
99.37663373008087,376.9818213686404
96.24892806989564,383.8436017574853
118.1798987935956,372.01326309401736
126.7503183083109,356.3284321384645
115.71537721023877,389.7533306746527
115.984453421206,389.7091801499505
98.27211166874827,379.76209996288236
100.24387620877432,369.81271088994094
51.2490215058815,498.7970293424395
55.56792178658102,423.7838768220961
51.00475495160967,441.43626613270527
57.010204937257626,473.40828616374387
64.36740137881125,498.9914044676354
44.999371808528636,481.7570735408615
42.01524832691983,454.6611185733262
46.55591388276867,460.1875073553133
60.976125803104914,509.4394265190235
63.2570201736145,478.9885628419609
55.93490874826944,423.54048253098057
60.0095941400588,393.3691217945165
58.701502073630174,399.8629645173636
57.15102083397108,408.35467928606494
58.98190044532806,399.66397131664894
51.010134374938964,393.9986200547485
206.69977394013964,93.85794754617793
177.2741495773231,111.24983291691677
184.62413173917378,94.0094627067743
171.22532210366057,102.26555154829177
190.38865227971473,89.98138469483693
172.66418182312583,108.03576158632896
248.4338411633264,175.18779451792594
249.0763691446767,127.56031772783129
252.99578006513673,130.621250615025
227.70734563063104,112.8909714991668
231.47404068722534,108.42044579092408
189.36265729678766,100.08120580621171
196.7152166123505,103.81328239232597
189.74735011714637,109.34207906122707
197.06357089984704,103.78893589227118
216.63030079133682,113.04305037123301
203.73415791104847,114.39937285710646
208.34759864072595,117.23124402206528
194.3917777937131,97.09061389465458
218.35730333425093,115.18714103018682
251.9574745835741,158.33876315519234
249.8097465068127,175.3280573412421
263.9524644600596,174.83405591254999
176.68406109878111,111.16211919395157
171.75957195521264,112.12816886501759
150.12768202573818,345.41040470091565
149.31271675612876,348.82772301745007
147.95970508317797,353.2382310958902
137.48079556640627,339.44445672851555
223.53118377184248,308.38214608519763
140.35959206238383,170.26795918236883
144.46940484280395,168.5706063423462
158.00541539478587,129.39099277839054
157.7348131687187,129.24184854614566
161.6237618478248,120.00807844084835
166.35932872943513,119.04406019186342
139.8058043222972,181.15452236362165
139.80598861541367,182.67282745923234
152.70533201928473,162.72038079327262
196.1890121252262,177.26454557079938
156.38611033309436,209.92344335524618
175.40604877404894,203.9290804018119
243.68921420798864,186.76143669171432
194.2640118690616,173.77567168568083
203.1461434206322,182.33772423048043
166.62868297762054,174.13592877847256
149.66768440160794,175.68442765562844
159.50949090634512,209.71315067251646
216.9624572140168,176.3522711593163
187.6635382792953,171.8255362871767
190.07270280404794,181.98044460124046
190.46748408171354,182.22216370528506
142.2879724160631,187.7268588883538
177.76119593495065,207.25247506648867
184.99322684378959,193.2265728847132
177.6356618092926,207.05591413805521
237.2985365310196,172.25810364834095
239.80421563893051,180.46496354541125
182.81702651165423,199.10744633198482
179.81304503874472,174.66504973208157
185.25718056398952,192.76779413632153
149.05440897171854,175.5339976040738
240.71467094731474,173.34552721710824
140.2295443744405,185.61389833588032
138.78643144718728,190.38658920959656
135.55040623173517,175.7020669911899
180.60711864805006,202.05298846339423
187.00020289617038,181.25185645627033
215.90906965351832,171.64222775522612
243.24650508198508,191.78920560843622
231.07849295936285,171.96616899010928
198.65026858122397,193.20363596239997
249.8141727098131,175.04399447619917
183.58523405034353,197.35143105684898
195.97777401365,177.33138539315604
177.24723911300126,479.34115958107105
183.01237114728437,477.8325220716607
170.0266532080866,441.46847242999144
167.56556289668575,466.5306232453326
192.835929290279,388.15662696789263
177.98542211959992,407.33482908436997
187.74173068906398,389.2182496091963
186.44258253152225,453.0511073970793
187.33332461600568,450.21416832369346
199.78152696476883,396.19799984432603
196.82993138752272,391.24453977944563
196.74052209375333,396.21998909681224
192.745045795706,427.18795775275066
196.73434118241204,406.2466784203582
191.73324897468393,433.2425671017204
190.398020905312,444.1281139685579
193.83593854170718,421.20811803004483
194.8784765128808,405.2841716447421
193.11173850120713,410.27471138872994
199.2129530775836,390.985990005905
197.7540228637603,403.20163957605155
195.7572045202468,412.13005678738176
194.80998885028075,415.0575614933057
194.47195427572635,396.4451019635315
193.8194828319931,416.10672385287097
198.03427066069128,402.2389699028249
185.4455381912231,439.52966244140623
133.04364297917914,424.35691864677636
144.75524723064177,409.28623492104
140.79210415316044,410.7530489821365
136.301180966164,386.69776935491285
144.40684132804023,382.00687673874
142.74750152006624,414.2883354213674
137.97826872592668,402.6994106087367
151.036099569384,385.30745077396807
139.00756585965456,393.84340857787174
140.99499543387662,384.00525973623155
138.0461607970309,381.2447624938115
162.986921250004,349.40803095759213
163.78729880230745,356.2000863579519
161.0072703245121,341.645657670725
149.14543778722808,373.9046964366163
156.013938837094,366.0047017187638
192.75949935183192,387.99782951130294
142.60000006579887,414.01142556397934
147.00123089939603,429.89359337114473
146.80547812584783,427.7960555092058
163.2911964259102,472.7133362247786
161.00373309462773,467.99606966494025
164.95062924730084,455.87746187465956
162.9992045113312,478.57546138725314
167.0371833585537,470.4206932469648
174.47064907211302,409.44409528323365
169.5232396027832,439.55574219824217
169.72195208633738,416.12804348502215
177.10439606979094,479.4123425023917
182.98525595417303,481.40382323090404
182.617103203886,482.9457303614741
184.98390899624624,499.3540344545063
181.9978934069032,486.2427585868262
183.87727127778544,494.2535196647457
126.73372320931767,518.0475733272543
126.7805467806604,548.7750438643756
125.6032071502768,557.4520200704624
138.62375483157567,521.9859240068182
125.99623283884125,496.6334907917587
134.0827479602295,440.3324492873305
133.88433439545585,456.6385842309783
126.1992194804682,480.7251717714461
134.25000572813937,456.80207438424515
134.00676287982552,439.9912315278509
128.80304834234184,470.38935033625273
129.01724839656214,469.6141131540236
126.27739531567106,480.76234103142104
127.10137905240775,462.705653790502
124.7592271014353,490.28743267305026
129.73569924223395,458.23515197062915
138.29530665948764,484.93433594917803
134.98386229870806,453.64782247833676
128.4630368383789,480.43209079876715
128.46282680041506,483.43044254806523
136.17210222472,449.90263684980016
122.64356484251336,516.9510589649701
125.26899241149805,502.7759665175531
124.25583634893925,508.79729509559644
129.917351298989,519.6828567106038
131.84383360019683,518.1049627228585
124.98826696505022,504.7722771827717
141.20447379251718,444.89782179179
283.2632548714143,442.804261761242
286.7338497200461,414.18565024261426
282.2641944697873,451.7261753265138
284.99204005868387,423.36360406557225
291.5252306228673,417.6935632874052
285.0602750531675,447.26577587080226
308.9981467462752,431.3271356178305
316.0403395561093,500.8459159951038
325.5676973653515,468.181059652995
320.50468103093925,451.75822679733176
327.19646843989085,445.18948750685456
325.56123045060775,434.01318063592043
321.9693322532054,441.9827264772724
320.6528475308662,452.0136216071871
320.451156217926,434.41998384921266
321.1133816162033,445.16856213175964
312.5437016717136,454.5413582793727
314.63708017586436,443.1688144616856
311.0210396838065,453.5922355903949
314.98738411491695,476.3112571103776
313.32849166268255,481.9182548590158
236.76624083226534,489.31476072418997
280.99709380617884,401.00230808714355
275.2529233299289,466.3291809366878
273.3850287764778,454.78027485970307
262.94104867011464,470.66981920792625
265.85752344588525,412.32263733840915
251.99536663948234,456.55745890578686
275.0050323761068,398.42479502602356
235.25610591301995,529.9969447802013
263.3277485639464,471.00311751465097
264.1681644917933,455.24180819822016
272.9894511325123,456.382902779687
265.0223107799835,484.70339843481446
237.2622690703878,487.006445535385
245.41550194886858,439.0015751942776
276.72414385335713,433.27074568683105
264.99919641622205,461.99421904938634
268.96614736958196,444.8757984971559
263.2158672129226,463.69318469932745
248.89885286839515,487.3382889306335
245.78168263883464,474.2108698279211
268.990360708373,433.248274863347
243.14583914543752,485.62956259499373
279.70977403414895,409.27083389247866
277.75598251541675,425.8391174584486
280.7119705919807,401.2644690132397
274.08517615774156,449.3946446571479
272.7906889377857,422.32174556794183
275.2777595400318,412.79022374441075
274.2806872410425,420.74730518372047
278.70771032809415,418.21353361513957
272.0435048659954,436.19441539455
270.72337369737784,475.2438360866959
256.24138149953757,419.987785054344
268.26699147830004,465.8238600902489
269.27346379849115,459.79030431387497
243.98344129226558,448.5339293663161
270.049005339222,447.7170293549355
248.33882875815556,481.1654440822304
271.04776102664636,440.73388963923975
248.7585640451503,487.1708767942381
265.2783724517002,483.8547121116922
266.97707682214093,467.3992044826074
266.2664919513821,477.8618025211565
263.3296744236997,463.995021947227
246.5947992534065,445.273914747116
243.75434110456848,466.99439162276843
272.76674311686486,422.03101815172784
262.9881969983482,461.7509053146368
260.410263703846,453.73072534717943
270.40149241389844,427.7051734199333
259.75028448072817,430.99967273328787
263.9947287572212,454.99251824217225
241.5291919474487,479.555460082489
265.1079477130203,416.21260462850194
246.53140443637085,467.5604692376709
256.5296865559387,430.5591401577454
256.4457664471435,427.5311715346069
247.55419068283084,442.470729361969
278.00119927062747,425.752206215117
253.4724482590027,449.44599585253906
270.5398413013306,424.5678146497497
254.1789727948189,502.7420923539263
251.60149026113095,546.0462020473184
254.19073014892788,539.8290911795035
254.63638588110592,532.8029201672325
252.77568568129047,545.2541900815063
248.6556956731805,560.9668578912703
260.1637689178476,497.68474423891917
263.5934244364349,487.0877472266762
250.01681774355876,533.352164195251
241.34965418090283,531.9927180066416
247.70914686619753,544.0299621032915
251.70346004235972,552.0514414069957
260.1083019058073,498.14017530706707
246.99587522754368,554.6628245017783
252.6692075780661,545.7971179784392
247.00900598046638,555.0022653723374
254.15522529804417,503.20400245021915
245.24189120322754,528.8271984092813
251.2870460266141,515.9475594061954
250.69102278001782,521.9258875487401
260.2743130237007,501.4016883020935
250.99858076451255,548.0046389673395
248.78118944818306,541.0138596375245
265.1227225134205,471.23023336791226
242.7709720342679,528.0073395908394
249.12192308535052,539.2334767016267
278.27888796259896,447.84753851177436
274.2777627725964,474.7545015254449
290.704646343603,381.2590163681987
282.2870869916198,416.7353717459696
287.7188610253598,405.2769944420666
272.2662324862927,489.99975895891544
288.714406774179,398.24947386258896
273.2697445439957,481.82318369037847
283.2802104630661,408.74400371944915
254.29951445373953,551.9952019384807
273.40378236224694,546.0137010985278
307.98766455302,505.7059824665003
313.21078332673744,490.7411038891173
312.99695971382806,488.7540886160426
337.55774345745465,570.4871062945052
332.7817031511232,493.8269178837598
330.6916954542905,495.9736223439564
330.77110307628817,500.74773345993856
331.3314412764131,486.84080559013984
333.02288046777136,493.6520566419356
330.7411121176394,492.00483332804714
327.2067661100596,477.72246436117564
322.6540397271575,482.80279601482084
327.52563231616676,496.55793127581455
312.31716472844255,516.8474970226799
317.2575844100973,498.9043366254599
314.29506962264185,510.8140665084089
319.3308130492535,496.00016722697404
315.1857603182592,505.1399653857054
315.79707989821947,501.21838415206
312.01370453886034,517.8470174100341
327.15689981366694,496.7342104013336
329.021569272069,497.32841286993266
124.56527395237494,490.0205222620025
116.83299073290014,461.30744816404865
123.00469261302476,441.0079708048639
117.42070210407616,445.33759320582976
98.26028338489294,455.17906505186033
128.97064456068085,392.66446572354886
96.25009800333027,487.6629095001544
96.24733133540037,487.2622173701613
133.59948749456876,439.96330723006815
123.84918398166492,445.2887400453063
128.62928670551307,447.018801051627
111.77344951690796,509.2366240073741
122.96831345980345,440.5471724943724
112.99859774514925,483.2910796114353
130.96248639218186,410.38640029437903
107.00307841811646,412.9971150286671
109.67943137354702,521.6758066029179
132.25450230261185,419.00029991719987
99.22401157407451,459.89561932949954
104.99984792476212,426.69893834055046
105.2863262680105,487.5283850126556
111.77401710056535,456.8770745363542
115.00063906443151,488.23588621441263
105.48306741602867,512.0758413884729
104.70646431346285,481.1201531328723
104.98597408157885,453.6112498207269
101.808767315862,508.7506730780467
116.69359725518179,485.01423163600634
102.592096716671,466.27133537853626
113.3047575348668,488.38581119656516
117.82684706563461,394.82633725982134
115.2274482823316,395.0125844646781
113.64750308243036,398.7434937664328
108.75085892072295,487.9920512798996
106.44351039453124,424.529786648468
109.56853574612427,509.45980737942506
109.43198068826294,512.5305853433226
102.47036311605835,487.4436357950745
100.1604964252968,487.91038331109235
117.44601915527343,439.5235800007324
102.52996674038697,484.55428655404666
108.47272735821532,484.44591680484007
99.12076116714437,438.20277795881
102.72526928414631,425.24961276994657
88.99426910079366,476.5820796070357
101.9988878844939,430.00913081723246
96.99734716396839,434.66990564937385
88.96853419748831,470.2696116182719
98.4759516135254,435.44363692504885
109.68582249037206,526.0248813924873
108.7067806785581,528.273459933389
94.64064701414587,529.7479720127764
109.00449401255419,526.0202444678916
97.99225207092285,455.0045545418396
93.93755611353733,496.63354627570595
96.0146585611539,487.254369194479
125.32347317875147,547.8002506028118
124.26551665851764,529.7771146950391
113.65739238279734,516.3413351904574
130.0761389250976,561.6082984068389
118.31198042446619,526.696931734671
113.88291100831651,530.2208133737845
118.43466242179501,527.014340080477
119.01346628490202,554.279520021065
118.01428717756723,541.502247132561
122.98669921302756,541.376309856428
123.01944635225917,551.2874316435174
122.01828860692598,532.4125381536426
116.22707231093275,515.7327880771983
125.21264794387214,558.7029740213565
121.83124597863461,559.8492141859066
114.0504345392484,529.5315624772751
112.99968282935296,559.624722205005
125.36000514949474,558.9985085662886
360.44264800265506,556.5295028474425
360.53109229479986,528.5565732590027
217.20925432193468,521.6512685200886
217.41133252465264,519.934060428051
222.15311169569316,484.76223916087025
216.7410855832781,443.2193426253916
212.73784653344728,446.77833841156007
208.69020422498446,525.1519631010999
205.7592565827287,538.7387652828637
205.135371509555,493.2763907740273
204.95028355994373,551.884606316569
205.97406984632488,538.7151009932037
208.89470886811637,493.7792492540049
213.86961988718352,529.3182761973353
209.65560139224303,460.0021480671032
198.2527294849737,456.2390944838573
194.84252531295212,460.07224362266317
201.85204561557632,498.3660110650332
194.92950672259119,478.3751754064045
192.99263923866394,512.9874824874373
192.0471063535891,495.396140824006
197.2510237962,467.8168290990343
191.25418411021542,507.86601497152395
197.73137643001627,482.1121824859579
195.05627319656162,494.6391489619699
198.25313508880902,460.770998535212
196.46072736065452,491.0636377922913
204.55560521240236,457.46919218075567
188.29264726858705,502.7556086364942
191.78498158539995,475.12635102350765
186.28868063735018,515.8601541636867
187.29875873580065,508.75384479667355
190.30028076033804,489.75126854381926
62.47961274755858,542.4461501635741
314.80796026698664,502.0086929405991
313.9805549953661,502.0055045306994
238.01232549137595,558.4852525740664
235.93412875312427,546.6330588849446
236.1888892950006,530.2528461991782
227.7132700507606,488.9690458266973
225.28183841036875,467.73569360757375
228.00644263049927,477.0002280024586
219.27994512468337,504.78878242200034
232.2592667002469,449.9102897634596
234.73063870591233,419.17049727506753
230.99995678608113,427.66300429450814
217.28906586170507,521.7170540138397
222.72092000361778,511.14481381620254
218.2864872135426,512.7566187560708
231.0188723948383,432.42229061380783
223.96754598636772,480.4757508220949
216.99541551785018,528.5711773033454
237.7360931177014,403.25508735739413
221.95097337673448,485.3680457002308
234.0671605643074,405.639372026489
237.94447181088276,392.3845800169598
238.72854341754802,398.2423658653439
230.98887744657557,451.3681099178676
224.28174101419665,473.7785257297266
230.7307227500853,438.17983681809324
225.25669394330882,451.84236266822495
236.28205138928462,397.9533428417737
233.0867316184495,411.4940646909179
235.7389184347787,413.229929202694
236.7406308339547,409.22316108852675
235.89058344331514,401.7168052458211
231.11472826098276,420.28460756529165
232.24022559336473,416.00691732630537
224.98577857646703,468.75855971304696
234.53165268524168,392.5531487426147
229.85700680827713,442.0680920684891
236.83295150811435,491.7845638664229
225.34849161619655,501.9855777647266
187.1041548587074,489.6873352378283
187.3517377671318,488.669647054955
199.20575332156898,429.7507353120837
194.01811184543456,438.4077455583902
189.20889522763267,477.10420252475535
187.36650258830838,486.26713065686545
186.28836876487694,497.7313447309099
192.74791917570715,468.1915634814719
195.07409126802003,459.5873834980856
196.01132621653142,450.7611702187574
187.1058814276581,486.41781914565235
196.0725238011422,446.2046527326345
193.75484786957665,462.1607895515514
323.11429688009804,482.8615809625032
329.25255468006515,466.9910507413797
330.2103228794064,466.8044180391119
327.214608880776,477.8768850756836
335.42176343464,446.0105792689648
331.01364766234803,447.0266805234795
332.8933224447341,451.7947191702509
257.71836641082825,376.2629397075153
259.0114759971284,373.01736533470563
264.1212964713071,353.7169403537666
266.7966659230633,346.1306218385291
265.59451612631227,350.2777742372742
267.0071551704712,345.99436556469726
268.99378101721186,342.0083546364135
247.04230947952954,425.3303318732166
241.81829769082967,450.30601306318425
241.82138569561002,450.1613331551476
243.25541130078022,399.1559705206803
238.26990108068463,423.8381813436661
236.98453875352985,433.574639129856
242.2721136727724,405.7457149029343
246.24506761969874,382.8981625599346
241.2633329009926,409.8196959973943
247.0088641696267,377.74920171874135
243.00393059178927,399.23945122395844
202.19603781505919,414.8176312566676
196.72159429006672,427.2021010713096
197.73114250057603,421.17521497365084
195.72117642955857,433.1476299419613
198.03501025847143,416.47414261380135
201.2870248227043,390.886275227221
205.27619582857557,401.8069494066775
183.84752548947648,328.33624667300563
193.6683734344709,343.001598162518
197.4605649256727,343.0909794189063
200.37491939830494,342.01717510644244
203.27547355574518,339.9222506474012
176.65245394096462,343.01545084673523
206.77059848721913,414.0621169999033
208.28857810809245,421.59230500858087
200.40639037432177,441.8843189089987
203.25903669024044,430.81716787324854
202.26344187571837,436.7557783411938
205.97742758452512,433.78963785313545
204.2611197129435,425.76370693825965
205.00688073054917,417.4093900109497
216.00343913088992,410.0106833030128
210.4440042378235,420.5300023873291
213.1623083420372,443.91340502711483
200.9929036655234,416.40464700532874
207.05711080842914,413.5977446479181
203.2915283871176,410.76724423226636
198.2775420210553,435.8222202184505
197.28622083730662,441.7740737981187
204.2750432135057,405.7850247969256
202.28007918229775,414.8696213348081
177.00327373461917,319.97865865332034
185.31408491959175,306.0058131665127
196.5599642726779,317.7630104347206
194.78140120105198,304.5520808939383
214.70730266125506,298.8616337029815
178.78295091263945,324.26002950452926
194.72682871395534,304.2215363540088
210.60240804090608,300.03702501812717
215.03090755149756,298.75292886496646
299.7148246786893,368.1483764226386
285.4516757151489,376.52971240359494
291.5629036275635,369.46185807144167
295.2641366052866,400.15856557077103
298.5864977200228,394.3935125205735
292.05228012918815,396.269249887416
291.9889023556683,403.36537906364043
295.47266967361446,397.44500361270144
295.5558838536377,394.4699886166992
299.4709931617737,388.44439714236455
298.5306273535766,397.56103910079963
318.0004138912092,379.0105607518094
314.53010713610837,384.55670847058104
312.4491599577942,385.53216293710324
324.0093772056542,360.00662378676986
204.7607054784463,223.1926826361268
207.5566385485921,227.11116111023702
216.77084604610178,228.20129916784092
166.16877104233345,238.2289818047838
174.45686353764913,241.99095262328711
169.76238600378463,244.2814826218429
176.36463309243126,246.3236617222331
188.38958367361641,230.63930362045326
204.84951134692005,222.79461548267818
196.96290580343225,221.89731152154098
219.29884622138218,223.12735213355262
235.81528069632668,189.76522860412544
229.6667253858074,197.79001038619012
236.11953268581334,189.68653071082107
207.8001633558738,187.33858337148934
209.0746510581365,195.68171158106134
217.90567561075207,201.34399102675843
203.01613933526423,193.36559410967166
213.15152114783638,200.14392033883226
204.12299356679165,220.983266386277
192.6844801481424,192.76047553682488
192.276542191168,190.1586716508737
194.90367138209155,184.33937358551407
60.008601011658236,425.36841326868085
63.47235396981811,471.44648683352665
72.00655132576372,409.01385194713214
65.99113635107422,386.0033115025024
92.59522178081895,387.273555512043
97.14382622003174,363.90847181668477
48.3634651225267,510.9250396570005
199.96966469706587,301.6389172561649
174.0682062546641,299.6997562534246
185.0930809224215,228.7070576566392
153.28984268797456,225.8471406671195
151.35165567367514,228.95370941114786
165.87853215375424,233.7779348603978
185.32038598393805,229.03116705333164
168.57276016538293,212.02036059899422
165.59599865930127,217.0070090103488
140.19576765049163,197.29244600648036
147.08343556352895,206.3218877865113
163.74616565083383,251.20257743240057
165.7282587948309,238.11189288235659
201.29851887672882,298.9273239336207
186.0665123348262,260.38401345152033
177.34471473994958,255.07473792394728
178.03339503620288,299.349986118888
176.81690412463846,309.3161332902594
178.7120109934756,327.014421891956
178.99786895416312,326.6410718719579
137.72938918952312,361.1976158335349
134.973680234289,380.6347049385293
123.99685828794424,383.3802746934777
134.9840719853528,380.97807515087493
129.16648694197772,375.63334644392444
112.99984611111337,382.9943982953031
204.5556115996094,94.47560177783204
166.31473309374596,166.48693630540006
171.31036526586914,129.68679542822264
185.3865079983869,113.27215193213816
189.96270132661883,109.90798320361198
240.0280180964983,166.67193434231058
237.93549699301988,124.10497296954509
251.99464138720703,157.99308566685104
184.95785398658882,113.34755784211983
168.8840570749893,167.72685362334062
175.36348851283972,162.00255163738234
188.7393102749979,130.21748418702404
194.68702972910967,113.04012933424757
198.64883086997057,118.89188821006093
224.04815339504037,154.38331345637314
185.2355591491473,165.5439147323727
161.62893706365557,160.0157298515831
154.28583621040687,204.9767399462432
173.39679690694857,196.09951053953705
170.03434984506438,183.493004668203
150.86039135558394,196.77584109840944
158.22612678020678,182.71261778749894
148.67884004230967,186.78090020073134
149.17106440044563,186.73537170049937
144.97663467860394,193.68336482467305
148.7282473488722,197.81848689813475
155.25668370403199,186.13849558446668
168.05505016716535,188.02396066704827
142.3815040758633,187.99450364622632
140.27706300965698,185.89754415727788
212.5170121374352,154.48030686004742
209.87285389831402,158.63735435221705
207.12939880796498,165.68206231201665
198.7745490795303,167.18904643603517
229.3259035148481,168.15244787718615
216.22534181656854,167.29694405403146
222.20587550197376,168.3196464830056
211.3211474428132,167.00399342735415
205.0270573020115,169.24158240534302
160.36834669314476,201.97392474096756
154.0479064084536,205.28430205344867
170.39071232909959,183.9684640200141
211.3218596437588,186.71424074318665
239.89698552570772,180.7863796299782
231.99617249781235,183.66517418710012
198.82231017216697,118.67867395543381
186.33677493199787,140.01548818672296
198.752653419168,166.85335700613942
209.40104970149258,195.79879336851607
160.6848259335174,179.0149559162858
158.8145774457269,178.77277473972512
188.66715084669482,190.14546601048724
189.7069421424509,216.8142589129701
189.81626468278742,216.6270083997981
189.75019977827725,446.08129698643324
188.60950749248366,450.00819903857837
184.9541197597213,462.81702491151015
185.8735687036729,455.86287979468005
196.82353765130614,391.08872053818897
141.13218020912288,410.69261260685033
134.69382614082147,407.0408144058804
135.2424326475577,380.99440906091786
129.30826837257888,375.95537911963714
142.03000438840263,373.2579390703038
149.09804644972849,373.9477201698827
140.55378445227052,425.47305339303585
125.29142960766647,548.0911084033149
125.37408887628317,526.0275465463282
121.06217389292239,515.6063053401322
124.19328514998412,495.1306209214354
139.00032184817883,445.0077798829499
131.3571826783972,463.2520346872373
122.73153272928697,457.42080405843575
122.11848512690653,489.61765894855444
124.16062411396302,474.2384735987865
122.98548565953445,516.9798824653396
331.60526698950855,452.7061367169168
319.41005233638,457.9539570370243
318.40719784938,463.98432303067386
328.0020292310462,448.3380176519699
327.0068708262737,445.27727022661264
313.4988453130439,486.0844960481478
315.0489583713021,485.97516076665624
313.2113069438082,491.04047355718063
314.0694656614896,490.95244074511146
315.9739216391926,464.7140415220089
314.9698536702414,462.70583348775347
312.1870579769058,454.16184923983764
316.8002375738373,465.00324822039556
329.2884655441564,452.09789473289555
237.00060834888504,491.77801544998454
258.44494236199955,488.5292212544861
250.7622258900447,542.3570675775479
252.9669741836753,545.764871769546
254.8253120092597,542.041650527669
254.78957532592347,539.0604117336932
330.98143874094774,497.6345498905616
327.32259899475946,496.99012399389676
121.99867536227691,473.57244761461675
120.79486674168155,477.37795382522125
121.00430572983447,476.6443947869906
120.55655128910763,509.98797293756843
118.36906242481363,501.9366851315557
117.98285433129416,469.5111807113656
115.24638793843242,506.3591110110132
116.89602756804523,510.31888905391264
115.02804065103275,506.4556160226723
117.9924895825444,491.40311435715415
117.73221613495082,497.17961770104625
96.65909001968977,469.90203171853864
122.47677885351563,434.45411664868163
116.01600002614737,393.34307932974053
126.99442404425572,543.653903135532
114.97353190279912,511.3370582184187
116.00072465653192,514.3295369341303
215.9452871709886,512.0013525152692
217.53445624538307,494.093050732668
218.4311420895017,489.0154932188119
216.26651556522614,504.79925520684685
215.38348390955568,486.4694334365992
213.87549664884202,523.850592863241
220.01957640943698,477.63614139791423
222.28717040375295,465.94783136101506
221.07619340228973,471.5191347105204
214.14894005071642,526.9055151646844
327.03708030876754,467.11891663697463
193.7967056145387,342.74633238512945
187.9745909636581,333.65810169123995
180.69731791589095,246.92927357714794
184.03475751358326,224.7429580664318
187.03207468138655,222.4058555890997
183.1993142426879,221.78597237868323
172.67468046999645,220.8524768436527
183.24033396687983,222.11640744110156
224.24570113899807,197.75440104082148
222.90949159576354,185.05862926739402
218.05007085984275,191.33102495817545
226.49255998878374,191.00366475178168
224.36434207823862,197.9577270004607
221.26774141054474,186.2180339649198
189.31827365643346,198.9443872818947
136.54237153554362,371.72455059510617
137.9803803729781,370.31338254895337
211.92935958256766,148.63099989737418
211.3153079439485,154.1944865791548
160.20364149289722,182.98348039266835
210.7072044726463,154.1429545408855
195.16721034891958,171.22103819646642
214.98526631676543,188.24301617928793
220.99411997331762,186.3462506330409
